2026-09-04 , 185, 50, 14, 24.09
2026-09-04 , 205, 60, 15, 39.92
2026-09-04 , 205, 60, 15, 39.92
2026-09-04 , 205, 60, 15, 39.92
2026-09-04 , 205, 60, 15, 39.92, 992342321
2026-09-04 , 205, 60, 15, 39.92, 123123123
2026-09-05 , 205, 60, 15, 39.92, 123123123
2026-09-05 , 205, 60, 23, 56.02, 324234234
2026-09-05 , 205, 60, 15, 39.92, 12312312
2026-09-05 , 205, 60, 15, 39.92, 123123
2026-09-05 , 205, 60, 15, 39.92, 12312312
2026-09-05 , 205, 60, 15, 39.92
2026-09-05 , 123, 32, 14, 6.01, 123245345
2026-09-05 , 2343, 43, 23, 11803.79
2026-09-05 , 123, 12, 23, 3.42, 123123
2026-09-05 , 123, 12, 32, 4.72
2026-09-05 , 123, 60, 23, 18.76, 123123123
2026-09-05 , 123, 213, 23, 85.67, 123123
2026-09-05 , 123, 231, 34, 126.01
2026-09-05 , 123, 23, 2, 0.86
2026-09-05 , 123, 123, 2, 11.81
2026-09-05 , 123, 123, 2, 11.81, 123123123
